,1y,1m,2m,3m,3m_average,diff1-2,diff2-3,month_sin,month_cos
2010-01,0.0,0.0,0.0,0.0,0.0,0.0,0.0,0.49999999999999994,0.8660254037844387
2010-02,0.0,0.0,0.0,0.0,0.0,0.0,0.0,0.8660254037844386,0.5000000000000001
2010-03,0.0,0.0,0.0,0.0,0.0,0.0,0.0,1.0,6.123233995736766e-17
2010-04,0.0,0.0,0.0,0.0,0.0,0.0,0.0,0.8660254037844388,-0.4999999999999998
2010-05,0.0,0.0,0.0,0.0,0.0,0.0,0.0,0.49999999999999994,-0.8660254037844387
2010-06,1.0,0.0,0.0,0.0,0.0,0.0,0.0,1.2246467991473532e-16,-1.0
2010-07,5.0,0.0,0.0,0.0,0.0,0.0,0.0,-0.5000000000000001,-0.8660254037844386
2010-08,3.0,6.0,0.0,0.0,2.0,6.0,0.0,-0.8660254037844384,-0.5000000000000004
2010-09,1.0,5.0,6.0,0.0,3.6666666666666665,-1.0,6.0,-1.0,-1.8369701987210297e-16
2010-10,0.0,6.0,5.0,6.0,5.666666666666667,1.0,-1.0,-0.8660254037844386,0.5
2010-11,0.0,1.0,6.0,5.0,4.0,-5.0,1.0,-0.5000000000000004,0.8660254037844384
2010-12,0.0,1.0,1.0,6.0,2.6666666666666665,0.0,-5.0,-2.4492935982947064e-16,1.0
2011-01,0.0,1.0,1.0,1.0,1.0,0.0,0.0,0.49999999999999994,0.8660254037844387
2011-02,0.0,0.0,1.0,1.0,0.6666666666666666,-1.0,0.0,0.8660254037844386,0.5000000000000001
2011-03,0.0,0.0,0.0,1.0,0.3333333333333333,0.0,-1.0,1.0,6.123233995736766e-17
2011-04,0.0,0.0,0.0,0.0,0.0,0.0,0.0,0.8660254037844388,-0.4999999999999998
2011-05,0.0,0.0,0.0,0.0,0.0,0.0,0.0,0.49999999999999994,-0.8660254037844387
2011-06,0.0,0.0,0.0,0.0,0.0,0.0,0.0,1.2246467991473532e-16,-1.0
2011-07,6.0,0.0,0.0,0.0,0.0,0.0,0.0,-0.5000000000000001,-0.8660254037844386
2011-08,5.0,2.0,0.0,0.0,0.6666666666666666,2.0,0.0,-0.8660254037844384,-0.5000000000000004
2011-09,6.0,2.0,2.0,0.0,1.3333333333333333,0.0,2.0,-1.0,-1.8369701987210297e-16
2011-10,1.0,2.0,2.0,2.0,2.0,0.0,0.0,-0.8660254037844386,0.5
2011-11,1.0,0.0,2.0,2.0,1.3333333333333333,-2.0,0.0,-0.5000000000000004,0.8660254037844384
2011-12,1.0,0.0,0.0,2.0,0.6666666666666666,0.0,-2.0,-2.4492935982947064e-16,1.0
2012-01,0.0,0.0,0.0,0.0,0.0,0.0,0.0,0.49999999999999994,0.8660254037844387
2012-02,0.0,0.0,0.0,0.0,0.0,0.0,0.0,0.8660254037844386,0.5000000000000001
2012-03,0.0,0.0,0.0,0.0,0.0,0.0,0.0,1.0,6.123233995736766e-17
2012-04,0.0,0.0,0.0,0.0,0.0,0.0,0.0,0.8660254037844388,-0.4999999999999998
2012-05,0.0,0.0,0.0,0.0,0.0,0.0,0.0,0.49999999999999994,-0.8660254037844387
2012-06,0.0,0.0,0.0,0.0,0.0,0.0,0.0,1.2246467991473532e-16,-1.0
2012-07,2.0,2.0,0.0,0.0,0.6666666666666666,2.0,0.0,-0.5000000000000001,-0.8660254037844386
2012-08,2.0,51.0,2.0,0.0,17.666666666666668,49.0,2.0,-0.8660254037844384,-0.5000000000000004
2012-09,2.0,66.0,51.0,2.0,39.666666666666664,15.0,49.0,-1.0,-1.8369701987210297e-16
2012-10,0.0,21.0,66.0,51.0,46.0,-45.0,15.0,-0.8660254037844386,0.5
2012-11,0.0,11.0,21.0,66.0,32.666666666666664,-10.0,-45.0,-0.5000000000000004,0.8660254037844384
2012-12,0.0,4.0,11.0,21.0,12.0,-7.0,-10.0,-2.4492935982947064e-16,1.0
2013-01,0.0,0.0,4.0,11.0,5.0,-4.0,-7.0,0.49999999999999994,0.8660254037844387
2013-02,0.0,0.0,0.0,4.0,1.3333333333333333,0.0,-4.0,0.8660254037844386,0.5000000000000001
2013-03,0.0,0.0,0.0,0.0,0.0,0.0,0.0,1.0,6.123233995736766e-17
2013-04,0.0,0.0,0.0,0.0,0.0,0.0,0.0,0.8660254037844388,-0.4999999999999998
2013-05,0.0,0.0,0.0,0.0,0.0,0.0,0.0,0.49999999999999994,-0.8660254037844387
2013-06,2.0,0.0,0.0,0.0,0.0,0.0,0.0,1.2246467991473532e-16,-1.0
2013-07,51.0,0.0,0.0,0.0,0.0,0.0,0.0,-0.5000000000000001,-0.8660254037844386
2013-08,66.0,3.0,0.0,0.0,1.0,3.0,0.0,-0.8660254037844384,-0.5000000000000004
2013-09,21.0,20.0,3.0,0.0,7.666666666666667,17.0,3.0,-1.0,-1.8369701987210297e-16
2013-10,11.0,7.0,20.0,3.0,10.0,-13.0,17.0,-0.8660254037844386,0.5
2013-11,4.0,4.0,7.0,20.0,10.333333333333334,-3.0,-13.0,-0.5000000000000004,0.8660254037844384
2013-12,0.0,0.0,4.0,7.0,3.6666666666666665,-4.0,-3.0,-2.4492935982947064e-16,1.0
2014-01,0.0,0.0,0.0,4.0,1.3333333333333333,0.0,-4.0,0.49999999999999994,0.8660254037844387
2014-02,0.0,0.0,0.0,0.0,0.0,0.0,0.0,0.8660254037844386,0.5000000000000001
2014-03,0.0,0.0,0.0,0.0,0.0,0.0,0.0,1.0,6.123233995736766e-17
2014-04,0.0,0.0,0.0,0.0,0.0,0.0,0.0,0.8660254037844388,-0.4999999999999998
2014-05,0.0,0.0,0.0,0.0,0.0,0.0,0.0,0.49999999999999994,-0.8660254037844387
2014-06,0.0,0.0,0.0,0.0,0.0,0.0,0.0,1.2246467991473532e-16,-1.0
2014-07,3.0,0.0,0.0,0.0,0.0,0.0,0.0,-0.5000000000000001,-0.8660254037844386
2014-08,20.0,20.0,0.0,0.0,6.666666666666667,20.0,0.0,-0.8660254037844384,-0.5000000000000004
2014-09,7.0,24.0,20.0,0.0,14.666666666666666,4.0,20.0,-1.0,-1.8369701987210297e-16
2014-10,4.0,16.0,24.0,20.0,20.0,-8.0,4.0,-0.8660254037844386,0.5
2014-11,0.0,1.0,16.0,24.0,13.666666666666666,-15.0,-8.0,-0.5000000000000004,0.8660254037844384
2014-12,0.0,0.0,1.0,16.0,5.666666666666667,-1.0,-15.0,-2.4492935982947064e-16,1.0
2015-01,0.0,0.0,0.0,1.0,0.3333333333333333,0.0,-1.0,0.49999999999999994,0.8660254037844387
2015-02,0.0,0.0,0.0,0.0,0.0,0.0,0.0,0.8660254037844386,0.5000000000000001
2015-03,0.0,0.0,0.0,0.0,0.0,0.0,0.0,1.0,6.123233995736766e-17
2015-04,0.0,0.0,0.0,0.0,0.0,0.0,0.0,0.8660254037844388,-0.4999999999999998
2015-05,0.0,0.0,0.0,0.0,0.0,0.0,0.0,0.49999999999999994,-0.8660254037844387
2015-06,0.0,0.0,0.0,0.0,0.0,0.0,0.0,1.2246467991473532e-16,-1.0
2015-07,20.0,0.0,0.0,0.0,0.0,0.0,0.0,-0.5000000000000001,-0.8660254037844386
2015-08,24.0,6.0,0.0,0.0,2.0,6.0,0.0,-0.8660254037844384,-0.5000000000000004
2015-09,16.0,21.0,6.0,0.0,9.0,15.0,6.0,-1.0,-1.8369701987210297e-16
2015-10,1.0,8.0,21.0,6.0,11.666666666666666,-13.0,15.0,-0.8660254037844386,0.5
2015-11,0.0,5.0,8.0,21.0,11.333333333333334,-3.0,-13.0,-0.5000000000000004,0.8660254037844384
2015-12,0.0,1.0,5.0,8.0,4.666666666666667,-4.0,-3.0,-2.4492935982947064e-16,1.0
2016-01,0.0,0.0,1.0,5.0,2.0,-1.0,-4.0,0.49999999999999994,0.8660254037844387
2016-02,0.0,0.0,0.0,1.0,0.3333333333333333,0.0,-1.0,0.8660254037844386,0.5000000000000001
2016-03,0.0,0.0,0.0,0.0,0.0,0.0,0.0,1.0,6.123233995736766e-17
2016-04,0.0,0.0,0.0,0.0,0.0,0.0,0.0,0.8660254037844388,-0.4999999999999998
2016-05,0.0,0.0,0.0,0.0,0.0,0.0,0.0,0.49999999999999994,-0.8660254037844387
2016-06,0.0,0.0,0.0,0.0,0.0,0.0,0.0,1.2246467991473532e-16,-1.0
2016-07,6.0,1.0,0.0,0.0,0.3333333333333333,1.0,0.0,-0.5000000000000001,-0.8660254037844386
2016-08,21.0,4.0,1.0,0.0,1.6666666666666667,3.0,1.0,-0.8660254037844384,-0.5000000000000004
2016-09,8.0,10.0,4.0,1.0,5.0,6.0,3.0,-1.0,-1.8369701987210297e-16
2016-10,5.0,3.0,10.0,4.0,5.666666666666667,-7.0,6.0,-0.8660254037844386,0.5
2016-11,1.0,11.0,3.0,10.0,8.0,8.0,-7.0,-0.5000000000000004,0.8660254037844384
2016-12,0.0,7.0,11.0,3.0,7.0,-4.0,8.0,-2.4492935982947064e-16,1.0
2017-01,0.0,2.0,7.0,11.0,6.666666666666667,-5.0,-4.0,0.49999999999999994,0.8660254037844387
2017-02,0.0,0.0,2.0,7.0,3.0,-2.0,-5.0,0.8660254037844386,0.5000000000000001
2017-03,0.0,0.0,0.0,2.0,0.6666666666666666,0.0,-2.0,1.0,6.123233995736766e-17
2017-04,0.0,0.0,0.0,0.0,0.0,0.0,0.0,0.8660254037844388,-0.4999999999999998
2017-05,0.0,1.0,0.0,0.0,0.3333333333333333,1.0,0.0,0.49999999999999994,-0.8660254037844387
2017-06,1.0,0.0,1.0,0.0,0.3333333333333333,-1.0,1.0,1.2246467991473532e-16,-1.0
2017-07,4.0,1.0,0.0,1.0,0.6666666666666666,1.0,-1.0,-0.5000000000000001,-0.8660254037844386
2017-08,10.0,13.0,1.0,0.0,4.666666666666667,12.0,1.0,-0.8660254037844384,-0.5000000000000004
2017-09,3.0,13.0,13.0,1.0,9.0,0.0,12.0,-1.0,-1.8369701987210297e-16
2017-10,11.0,6.0,13.0,13.0,10.666666666666666,-7.0,0.0,-0.8660254037844386,0.5
2017-11,7.0,3.0,6.0,13.0,7.333333333333333,-3.0,-7.0,-0.5000000000000004,0.8660254037844384
2017-12,2.0,0.0,3.0,6.0,3.0,-3.0,-3.0,-2.4492935982947064e-16,1.0
2018-01,0.0,1.0,0.0,3.0,1.3333333333333333,1.0,-3.0,0.49999999999999994,0.8660254037844387
2018-02,0.0,0.0,1.0,0.0,0.3333333333333333,-1.0,1.0,0.8660254037844386,0.5000000000000001
2018-03,0.0,0.0,0.0,1.0,0.3333333333333333,0.0,-1.0,1.0,6.123233995736766e-17
2018-04,1.0,0.0,0.0,0.0,0.0,0.0,0.0,0.8660254037844388,-0.4999999999999998
2018-05,0.0,0.0,0.0,0.0,0.0,0.0,0.0,0.49999999999999994,-0.8660254037844387
2018-06,1.0,0.0,0.0,0.0,0.0,0.0,0.0,1.2246467991473532e-16,-1.0
2018-07,13.0,3.0,0.0,0.0,1.0,3.0,0.0,-0.5000000000000001,-0.8660254037844386
2018-08,13.0,22.0,3.0,0.0,8.333333333333334,19.0,3.0,-0.8660254037844384,-0.5000000000000004
2018-09,6.0,14.0,22.0,3.0,13.0,-8.0,19.0,-1.0,-1.8369701987210297e-16
2018-10,3.0,11.0,14.0,22.0,15.666666666666666,-3.0,-8.0,-0.8660254037844386,0.5
2018-11,0.0,5.0,11.0,14.0,10.0,-6.0,-3.0,-0.5000000000000004,0.8660254037844384
2018-12,1.0,1.0,5.0,11.0,5.666666666666667,-4.0,-6.0,-2.4492935982947064e-16,1.0
2019-01,0.0,0.0,1.0,5.0,2.0,-1.0,-4.0,0.49999999999999994,0.8660254037844387
2019-02,0.0,0.0,0.0,1.0,0.3333333333333333,0.0,-1.0,0.8660254037844386,0.5000000000000001
2019-03,0.0,0.0,0.0,0.0,0.0,0.0,0.0,1.0,6.123233995736766e-17
2019-04,0.0,0.0,0.0,0.0,0.0,0.0,0.0,0.8660254037844388,-0.4999999999999998
2019-05,0.0,0.0,0.0,0.0,0.0,0.0,0.0,0.49999999999999994,-0.8660254037844387
2019-06,3.0,0.0,0.0,0.0,0.0,0.0,0.0,1.2246467991473532e-16,-1.0
2019-07,22.0,0.0,0.0,0.0,0.0,0.0,0.0,-0.5000000000000001,-0.8660254037844386
2019-08,14.0,6.0,0.0,0.0,2.0,6.0,0.0,-0.8660254037844384,-0.5000000000000004
2019-09,11.0,1.0,6.0,0.0,2.3333333333333335,-5.0,6.0,-1.0,-1.8369701987210297e-16
2019-10,5.0,3.0,1.0,6.0,3.3333333333333335,2.0,-5.0,-0.8660254037844386,0.5
2019-11,1.0,1.0,3.0,1.0,1.6666666666666667,-2.0,2.0,-0.5000000000000004,0.8660254037844384
2019-12,0.0,0.0,1.0,3.0,1.3333333333333333,-1.0,-2.0,-2.4492935982947064e-16,1.0
2020-01,0.0,0.0,0.0,1.0,0.3333333333333333,0.0,-1.0,0.49999999999999994,0.8660254037844387
2020-02,0.0,0.0,0.0,0.0,0.0,0.0,0.0,0.8660254037844386,0.5000000000000001
2020-03,0.0,0.0,0.0,0.0,0.0,0.0,0.0,1.0,6.123233995736766e-17
2020-04,0.0,0.0,0.0,0.0,0.0,0.0,0.0,0.8660254037844388,-0.4999999999999998
2020-05,0.0,0.0,0.0,0.0,0.0,0.0,0.0,0.49999999999999994,-0.8660254037844387
2020-06,0.0,0.0,0.0,0.0,0.0,0.0,0.0,1.2246467991473532e-16,-1.0
2020-07,6.0,0.0,0.0,0.0,0.0,0.0,0.0,-0.5000000000000001,-0.8660254037844386
2020-08,1.0,0.0,0.0,0.0,0.0,0.0,0.0,-0.8660254037844384,-0.5000000000000004
2020-09,3.0,7.0,0.0,0.0,2.3333333333333335,7.0,0.0,-1.0,-1.8369701987210297e-16
2020-10,1.0,5.0,7.0,0.0,4.0,-2.0,7.0,-0.8660254037844386,0.5
2020-11,0.0,1.0,5.0,7.0,4.333333333333333,-4.0,-2.0,-0.5000000000000004,0.8660254037844384
2020-12,0.0,1.0,1.0,5.0,2.3333333333333335,0.0,-4.0,-2.4492935982947064e-16,1.0
2021-01,0.0,0.0,1.0,1.0,0.6666666666666666,-1.0,0.0,0.49999999999999994,0.8660254037844387
2021-02,0.0,0.0,0.0,1.0,0.3333333333333333,0.0,-1.0,0.8660254037844386,0.5000000000000001
2021-03,0.0,0.0,0.0,0.0,0.0,0.0,0.0,1.0,6.123233995736766e-17
2021-04,0.0,0.0,0.0,0.0,0.0,0.0,0.0,0.8660254037844388,-0.4999999999999998
2021-05,0.0,0.0,0.0,0.0,0.0,0.0,0.0,0.49999999999999994,-0.8660254037844387
2021-06,0.0,0.0,0.0,0.0,0.0,0.0,0.0,1.2246467991473532e-16,-1.0
2021-07,0.0,0.0,0.0,0.0,0.0,0.0,0.0,-0.5000000000000001,-0.8660254037844386
2021-08,7.0,2.0,0.0,0.0,0.6666666666666666,2.0,0.0,-0.8660254037844384,-0.5000000000000004
2021-09,5.0,7.0,2.0,0.0,3.0,5.0,2.0,-1.0,-1.8369701987210297e-16
2021-10,1.0,4.0,7.0,2.0,4.333333333333333,-3.0,5.0,-0.8660254037844386,0.5
2021-11,1.0,2.0,4.0,7.0,4.333333333333333,-2.0,-3.0,-0.5000000000000004,0.8660254037844384
2021-12,0.0,1.0,2.0,4.0,2.3333333333333335,-1.0,-2.0,-2.4492935982947064e-16,1.0
2022-01,0.0,1.0,1.0,2.0,1.3333333333333333,0.0,-1.0,0.49999999999999994,0.8660254037844387
2022-02,0.0,0.0,1.0,1.0,0.6666666666666666,-1.0,0.0,0.8660254037844386,0.5000000000000001
2022-03,0.0,0.0,0.0,1.0,0.3333333333333333,0.0,-1.0,1.0,6.123233995736766e-17
2022-04,0.0,0.0,0.0,0.0,0.0,0.0,0.0,0.8660254037844388,-0.4999999999999998
2022-05,0.0,0.0,0.0,0.0,0.0,0.0,0.0,0.49999999999999994,-0.8660254037844387
2022-06,0.0,0.0,0.0,0.0,0.0,0.0,0.0,1.2246467991473532e-16,-1.0
2022-07,2.0,1.0,0.0,0.0,0.3333333333333333,1.0,0.0,-0.5000000000000001,-0.8660254037844386
2022-08,7.0,9.0,1.0,0.0,3.3333333333333335,8.0,1.0,-0.8660254037844384,-0.5000000000000004
2022-09,4.0,21.0,9.0,1.0,10.333333333333334,12.0,8.0,-1.0,-1.8369701987210297e-16
2022-10,2.0,6.0,21.0,9.0,12.0,-15.0,12.0,-0.8660254037844386,0.5
2022-11,1.0,1.0,6.0,21.0,9.333333333333334,-5.0,-15.0,-0.5000000000000004,0.8660254037844384
2022-12,1.0,2.0,1.0,6.0,3.0,1.0,-5.0,-2.4492935982947064e-16,1.0
2023-01,0.0,1.0,2.0,1.0,1.3333333333333333,-1.0,1.0,0.49999999999999994,0.8660254037844387
2023-02,0.0,2.1442059531043967,1.0,2.0,1.7147353177014655,1.1442059531043967,-1.0,0.8660254037844386,0.5000000000000001
2023-03,0.0,3.689447138634867,2.1442059531043967,1.0,2.277884363913088,1.5452411855304704,1.1442059531043967,1.0,6.123233995736766e-17
2023-04,0.0,4.674974312873808,3.689447138634867,2.1442059531043967,3.502875801537691,0.9855271742389413,1.5452411855304704,0.8660254037844388,-0.4999999999999998
